구준라 85 66 92 65
적차길 67 91 85 79
유차다 96 65 99 87
오윤형 72 76 73 90
손사나 81 72 69 87
적석섭 80 84 83 92
적타가 93 90 81 86
고진카 95 89 100 80
이길마 94 81 72 86
정파마 94 66 69 97
김형사 89 100 72 77
강석마 97 77 92 72
오진타 98 91 98 84
곽타길 99 92 100 91
류차나 72 97 87 70
적재카 90 90 99 84
구라형 97 91 89 66
유다길 72 97 88 67
김석준 69 86 78 82
박파타 76 90 96 80
유재준 83 93 96 92
이석사 99 70 89 78
유차화 83 83 98 83
김섭파 83 71 69 80
최다자 79 80 98 73
오라라 100 70 85 87
최아바 83 66 85 91
정화파 76 85 79 66
강형화 81 74 96 90
유파진 73 97 76 78
강바섭 92 97 75 73
곽자카 65 67 77 81
김석사 70 96 91 86
강화진 78 73 68 88
정나윤 74 86 82 74
정섭타 95 79 79 78
송차마 85 68 95 96
적석섭 100 99 79 80
손가다 91 93 86 67
강진사 73 87 86 72
구진차 80 87 84 95
적차바 70 82 80 67
강섭마 100 83 96 84
류섭진 68 75 89 71
송카나 83 85 89 87
정마마 69 72 94 75
오진준 100 70 86 96
구석마 87 99 85 71
강섭진 94 80 67 100
박길다 96 99 87 92
강가아 84 91 77 75
손나준 94 88 79 66
송마가 97 77 85 73
고바차 84 70 77 70
오다진 88 88 84 97
유윤윤 72 83 92 86
김섭아 100 86 90 68
김나진 91 88 88 89
정길파 69 88 99 82
김아아 88 82 87 95
박자재 100 72 94 66
정화재 75 95 87 90
오재차 65 100 84 67
적카카 87 68 93 91
적나바 83 66 66 98
손화가 80 89 96 77
유카가 67 100 85 72
송진바 86 90 72 100
고다마 95 88 73 70
류카라 92 78 65 96
적라준 95 75 71 90
곽화사 97 86 95 87
강마진 78 65 83 81
정마준 87 65 80 89
강하마 66 77 68 92
적석화 68 80 90 69
손나하 90 78 71 86
오진사 73 74 99 77
류섭진 65 83 80 78
손아섭 80 65 95 95
최진석 95 92 83 88
류형파 72 94 90 85
이카진 66 87 65 91
김형다 89 100 71 95
정자마 94 78 82 71
적사자 84 65 67 88
이나파 69 82 84 83
강섭자 97 98 89 76
구차가 100 99 69 70
정석파 100 81 83 99
유타파 82 67 65 95
곽준진 69 68 65 71
손섭차 95 77 75 75
고가하 69 77 69 93
오마재 97 70 92 93
이마준 97 81 84 95
김석아 66 82 99 80
구다재 72 91 97 83
김화다 65 80 65 93
최섭바 90 90 94 73
